2014-01-02 2.150 2.150 2.120 2.110 82125520 174381680
2014-01-03 2.120 2.140 2.120 2.110 88399912 187569600
2014-01-06 2.120 2.130 2.110 2.090 102348992 215231280
2014-01-07 2.090 2.100 2.100 2.080 65350340 136569056
2014-01-08 2.100 2.120 2.110 2.090 73410528 154152448
2014-01-09 2.100 2.160 2.130 2.090 148014768 314410208
2014-01-10 2.120 2.130 2.100 2.090 90167056 190455504
2014-01-13 2.100 2.100 2.060 2.050 84934760 176118240
2014-01-14 2.060 2.110 2.100 2.050 84863424 177146096
2014-01-15 2.100 2.110 2.090 2.080 52063520 108840032
2014-01-16 2.090 2.100 2.080 2.070 58298004 121646936
2014-01-17 2.070 2.090 2.070 2.060 56514360 117005232
2014-01-20 2.060 2.070 2.060 2.050 50612712 104235464
2014-01-21 2.060 2.080 2.070 2.060 51169872 105864144
2014-01-22 2.070 2.110 2.100 2.070 90402760 189320144
2014-01-23 2.100 2.110 2.090 2.090 63159960 132463536
2014-01-24 2.090 2.110 2.100 2.080 77580320 162750304
2014-01-27 2.160 2.200 2.160 2.140 347192032 753545280
2014-01-28 2.150 2.170 2.140 2.130 131345968 281984544
2014-01-29 2.140 2.160 2.160 2.130 73820008 158561664
2014-01-30 2.150 2.160 2.130 2.120 90384680 192893376
2014-02-07 2.120 2.180 2.180 2.110 126141248 271483200
2014-02-10 2.170 2.200 2.190 2.160 213667168 467488992
2014-02-11 2.190 2.220 2.190 2.170 193864704 426081088
2014-02-12 2.190 2.200 2.190 2.170 126713640 276415872
2014-02-13 2.180 2.240 2.190 2.170 207979552 458937248
2014-02-14 2.190 2.210 2.200 2.180 125003640 274558432
2014-02-17 2.210 2.250 2.250 2.200 204232304 455361824
2014-02-18 2.250 2.260 2.210 2.200 135300064 300526560
2014-02-19 2.210 2.340 2.280 2.200 335021280 764343872
2014-02-20 2.270 2.510 2.390 2.260 579727232 1383220992
2014-02-21 2.370 2.430 2.340 2.320 277879936 655242112
2014-02-24 2.390 2.560 2.510 2.350 489394016 1193264512
2014-02-25 2.490 2.560 2.440 2.410 454706272 1130441088
2014-02-26 2.420 2.530 2.430 2.400 394476672 965208000
2014-02-27 2.440 2.440 2.350 2.340 272953216 651039232
2014-02-28 2.350 2.420 2.410 2.330 212066208 506154688
2014-03-03 2.390 2.420 2.400 2.350 177649632 423525088
2014-03-04 2.370 2.390 2.340 2.320 180195184 423863520
2014-03-05 2.360 2.370 2.340 2.330 97503712 228815936
2014-03-06 2.330 2.360 2.350 2.310 121489992 283384672
2014-03-07 2.340 2.380 2.330 2.320 103376128 242138080
2014-03-10 2.320 2.320 2.240 2.220 175883200 398604064
2014-03-11 2.230 2.250 2.240 2.210 110478072 246508640
2014-03-12 2.230 2.240 2.200 2.190 112704152 249367824
2014-03-13 2.200 2.240 2.230 2.200 94568448 210249008
2014-03-14 2.220 2.280 2.250 2.210 125363480 281722336
2014-03-17 2.250 2.270 2.270 2.240 69518632 157156336
2014-03-18 2.270 2.270 2.260 2.250 66434648 149921136
2014-03-19 2.260 2.310 2.270 2.260 114373024 261096816
2014-03-20 2.290 2.290 2.230 2.220 120188528 271585632
2014-03-21 2.220 2.280 2.270 2.200 153356624 345220896
2014-03-24 2.270 2.310 2.300 2.260 114045920 261359200
2014-03-25 2.290 2.340 2.340 2.280 140090928 324603584
2014-03-26 2.330 2.340 2.320 2.310 81946792 190278240
2014-03-27 2.310 2.330 2.300 2.300 92430208 213856352
2014-03-28 2.300 2.310 2.240 2.240 120809232 273508928
2014-03-31 2.240 2.270 2.250 2.230 55637736 125423496
2014-04-01 2.250 2.280 2.270 2.250 65239116 148199600
2014-04-02 2.270 2.290 2.270 2.250 58130784 132066528
2014-04-03 2.270 2.290 2.280 2.250 75790304 172123472
2014-04-04 2.290 2.340 2.300 2.270 120359528 277599360
2014-04-08 2.290 2.310 2.310 2.260 128292688 293989056
2014-04-09 2.300 2.310 2.290 2.270 99562520 227875920
2014-04-10 2.290 2.330 2.330 2.280 156419616 359503392
2014-04-11 2.310 2.330 2.320 2.300 92818264 214796368
2014-04-14 2.310 2.320 2.310 2.290 73931296 170438416
2014-04-15 2.330 2.390 2.340 2.320 275723296 647262208
2014-04-16 2.330 2.340 2.320 2.310 85112264 197488400
2014-04-17 2.330 2.330 2.300 2.290 70395344 162136672
2014-04-18 2.300 2.310 2.290 2.280 60176256 138002816
2014-04-21 2.280 2.300 2.260 2.260 80065992 182234064
2014-04-22 2.270 2.280 2.250 2.220 98972128 222625520
2014-04-23 2.250 2.260 2.250 2.230 62470052 139929840
2014-04-24 2.250 2.250 2.230 2.220 52368148 117119872
2014-04-25 2.220 2.230 2.180 2.170 90331784 198814832
2014-04-28 2.170 2.180 2.120 2.110 86185296 184478672
2014-04-29 2.120 2.140 2.130 2.110 48318568 102981392
2014-04-30 2.140 2.180 2.170 2.120 64103600 138262656
2014-05-05 2.160 2.170 2.160 2.140 51381492 110662872
2014-05-06 2.160 2.180 2.170 2.150 54475632 117940592
2014-05-07 2.170 2.170 2.150 2.150 43660476 94160824
2014-05-08 2.150 2.170 2.140 2.140 52543768 113060360
2014-05-09 2.140 2.150 2.120 2.120 57412872 122450304
2014-05-12 2.140 2.180 2.170 2.130 92078480 199176208
2014-05-13 2.170 2.180 2.170 2.160 45631540 98949824
2014-05-14 2.170 2.170 2.160 2.150 61818552 133251160
2014-05-15 2.150 2.160 2.130 2.120 48588420 103890280
2014-05-16 2.130 2.170 2.160 2.120 74801704 160754000
2014-05-19 2.150 2.150 2.130 2.120 47595196 101587112
2014-05-20 2.140 2.160 2.150 2.130 46040200 98985760
2014-05-21 2.140 2.160 2.160 2.130 48635920 104567336
2014-05-22 2.160 2.180 2.160 2.150 87873312 190586880
2014-05-23 2.160 2.170 2.160 2.150 47751520 103182672
2014-05-26 2.170 2.180 2.170 2.160 52022228 112806576
2014-05-27 2.170 2.180 2.170 2.160 56795320 123188192
2014-05-28 2.170 2.180 2.180 2.150 74008600 160389552
2014-05-29 2.180 2.180 2.160 2.150 67688568 146395632
2014-05-30 2.160 2.160 2.160 2.140 46775336 100693008
2014-06-03 2.160 2.160 2.140 2.130 69953952 150042704
2014-06-04 2.140 2.140 2.140 2.120 48032208 102265872
2014-06-05 2.130 2.170 2.170 2.130 89771680 193117616
2014-06-06 2.160 2.170 2.140 2.140 63427848 136766448
2014-06-09 2.140 2.160 2.130 2.130 43423128 93255648
2014-06-10 2.140 2.170 2.160 2.130 61348764 132108968
2014-06-11 2.160 2.170 2.160 2.150 43686660 94306536
2014-06-12 2.160 2.160 2.150 2.150 39304980 84583336
2014-06-13 2.150 2.170 2.170 2.140 68207696 147443952
2014-06-16 2.170 2.210 2.210 2.170 119500680 262436256
2014-06-17 2.210 2.210 2.190 2.180 77051528 168877664
2014-06-18 2.190 2.240 2.240 2.180 145924576 322959456
2014-06-19 2.230 2.260 2.220 2.200 134532976 300055744
2014-06-20 2.220 2.240 2.200 2.200 274765824 611637952
2014-06-23 2.210 2.220 2.180 2.170 92453320 202236368
2014-06-24 2.170 2.200 2.190 2.170 61229040 133814056
2014-06-25 2.190 2.190 2.170 2.160 48589152 105612624
2014-06-26 2.170 2.190 2.180 2.170 46118856 100522512
2014-06-27 2.170 2.190 2.180 2.160 58571304 127386072
2014-06-30 2.180 2.190 2.170 2.150 90416192 196314160
2014-07-01 2.170 2.190 2.180 2.170 55257724 120589056
2014-07-02 2.180 2.220 2.220 2.180 99494752 219037568
2014-07-03 2.220 2.220 2.200 2.200 71758936 158659152
2014-07-04 2.210 2.220 2.190 2.180 67918352 149162848
2014-07-07 2.200 2.200 2.190 2.180 47027928 102841536
2014-07-08 2.190 2.210 2.200 2.180 88498848 194194128
2014-07-09 2.190 2.200 2.170 2.160 71951192 156712752
2014-07-10 2.170 2.200 2.190 2.160 74934120 163774272
2014-07-11 2.180 2.200 2.200 2.170 81093144 177221088
2014-07-14 2.190 2.210 2.200 2.180 81969424 179843904
2014-07-15 2.200 2.210 2.210 2.190 79648088 175314448
2014-07-16 2.200 2.210 2.210 2.190 87510584 192515840
2014-07-17 2.200 2.210 2.190 2.180 87074648 190673328
2014-07-18 2.180 2.200 2.190 2.180 74191928 162204272
2014-07-21 2.180 2.190 2.180 2.170 54807332 119332224
2014-07-22 2.170 2.190 2.180 2.160 79517080 173273648
2014-07-23 2.180 2.190 2.180 2.170 100592920 219178976
2014-07-24 2.180 2.210 2.200 2.170 195702304 428454912
2014-07-25 2.200 2.220 2.210 2.190 138138304 304443360
2014-07-28 2.220 2.270 2.260 2.210 243819168 547121664
2014-07-29 2.290 2.320 2.280 2.270 285059392 653839296
2014-07-30 2.270 2.290 2.270 2.240 168234128 380767520
2014-07-31 2.260 2.310 2.300 2.250 154549808 352456160
2014-08-01 2.290 2.310 2.270 2.270 161478752 370396960
2014-08-04 2.270 2.300 2.300 2.270 122736408 280538944
2014-08-05 2.300 2.300 2.290 2.280 112275928 256857632
2014-08-06 2.290 2.360 2.330 2.270 236569216 546786624
2014-08-07 2.320 2.340 2.300 2.280 177598496 410621152
2014-08-08 2.290 2.320 2.300 2.290 101903488 234460096
2014-08-11 2.300 2.340 2.330 2.300 151569184 352133184
2014-08-12 2.320 2.370 2.360 2.300 213762576 499475072
2014-08-13 2.340 2.350 2.330 2.310 158114880 368483936
2014-08-14 2.340 2.380 2.330 2.320 180364608 423962688
2014-08-15 2.330 2.380 2.360 2.330 224837456 530668032
2014-08-18 2.360 2.370 2.360 2.340 152124608 357806400
2014-08-19 2.350 2.360 2.340 2.330 170260128 398658624
2014-08-20 2.350 2.350 2.330 2.330 108540992 253887856
2014-08-21 2.330 2.340 2.300 2.280 160217088 369211552
2014-08-22 2.290 2.320 2.310 2.290 115702560 266478208
2014-08-25 2.310 2.310 2.300 2.280 106179008 243710048
2014-08-26 2.290 2.300 2.270 2.260 112917968 257427984
2014-08-27 2.260 2.300 2.280 2.260 98445648 224701328
2014-08-28 2.280 2.290 2.250 2.250 99247080 224623472
2014-08-29 2.260 2.280 2.280 2.250 72107496 163038768
2014-09-01 2.270 2.290 2.280 2.260 135279760 307599712
2014-09-02 2.280 2.300 2.290 2.270 152395952 348172224
2014-09-03 2.290 2.310 2.300 2.290 170521216 392232160
2014-09-04 2.300 2.330 2.310 2.290 163610656 377633632
2014-09-05 2.320 2.340 2.330 2.310 175838544 408350080
2014-09-09 2.330 2.350 2.340 2.310 186508800 434337920
2014-09-10 2.330 2.350 2.330 2.310 187216672 436504256
2014-09-11 2.330 2.360 2.340 2.320 200662496 469988736
2014-09-12 2.330 2.420 2.380 2.320 319450752 758887872
2014-09-15 2.370 2.390 2.380 2.360 191187328 454430880
2014-09-16 2.470 2.530 2.420 2.410 623866880 1539309568
2014-09-17 2.410 2.470 2.440 2.390 291437568 708479552
2014-09-18 2.430 2.480 2.450 2.420 239294560 585872384
2014-09-19 2.450 2.450 2.420 2.410 196447280 476571360
2014-09-22 2.410 2.420 2.360 2.350 213619888 508398048
2014-09-23 2.360 2.380 2.380 2.350 138589936 328073696
2014-09-24 2.370 2.410 2.410 2.350 195905408 468277472
2014-09-25 2.430 2.450 2.390 2.380 187593504 452303872
2014-09-26 2.380 2.500 2.460 2.380 306923808 752035328
2014-09-29 2.450 2.480 2.450 2.440 203547152 500032896
2014-09-30 2.460 2.460 2.440 2.430 158711408 388393216
2014-10-08 2.460 2.470 2.470 2.440 187160496 459984160
2014-10-09 2.460 2.510 2.510 2.460 348419264 869276224
2014-10-10 2.500 2.750 2.670 2.490 790310144 2062853760
2014-10-13 2.620 2.650 2.620 2.570 354834528 923935680
2014-10-14 2.610 2.680 2.650 2.580 376108608 988071936
2014-10-15 2.650 2.690 2.650 2.630 286706144 761792704
2014-10-16 2.630 2.630 2.560 2.550 329731360 855616448
2014-10-17 2.570 2.620 2.570 2.520 260727600 670639936
2014-10-20 2.580 2.610 2.590 2.550 166361648 429703488
2014-10-21 2.580 2.590 2.530 2.520 177647680 453217248
2014-10-22 2.530 2.550 2.490 2.490 168192384 424795168
2014-10-23 2.500 2.530 2.490 2.470 199930112 499331136
2014-10-24 2.490 2.500 2.460 2.460 121101744 300804288
2014-10-27 2.450 2.460 2.440 2.410 118102216 287235904
2014-10-28 2.440 2.510 2.500 2.430 161041296 399659424
2014-10-29 2.510 2.560 2.550 2.490 224269920 566043584
2014-10-30 2.540 2.630 2.600 2.530 356885376 920661440
2014-10-31 2.600 2.660 2.640 2.560 399167360 1041222592
2014-11-03 2.660 2.720 2.650 2.630 528193280 1412140160
2014-11-04 2.660 2.760 2.700 2.610 495787904 1331052160
2014-11-05 2.700 2.710 2.630 2.620 306571040 815596992
2014-11-06 2.620 2.640 2.630 2.590 204611600 534565120
2014-11-07 2.620 2.640 2.580 2.560 233246224 609090688
2014-11-10 2.590 2.680 2.660 2.580 302382304 796231552
2014-11-11 2.660 2.670 2.600 2.580 329794048 865496768
2014-11-12 2.600 2.630 2.620 2.580 214487856 559124672
2014-11-13 2.610 2.670 2.640 2.560 322095776 843710272
2014-11-14 2.620 2.690 2.660 2.610 296670176 787967744
2014-11-17 2.660 2.710 2.640 2.630 283202208 754426112
2014-11-18 2.620 2.640 2.610 2.590 170134864 444942976
2014-11-19 2.610 2.620 2.590 2.580 152406112 396489920
2014-11-20 2.580 2.590 2.550 2.540 185070192 474281792
2014-11-21 2.560 2.590 2.590 2.550 147744928 380024992
2014-11-24 2.620 2.650 2.630 2.600 263521552 692687936
2014-11-25 2.630 2.660 2.660 2.620 261426512 691092864
2014-11-26 2.650 2.670 2.640 2.620 228398720 603481728
2014-11-27 2.660 2.690 2.680 2.640 343786240 916576256
2014-11-28 2.670 2.730 2.720 2.650 429512448 1151614848
2014-12-01 2.740 2.780 2.750 2.710 539166016 1480382592
2014-12-02 2.750 2.780 2.760 2.730 438279808 1210353536
2014-12-03 2.770 2.980 2.900 2.760 839156352 2407036160
2014-12-04 2.900 3.030 2.990 2.880 623467456 1850123264
2014-12-05 3.070 3.280 3.130 2.980 1052594240 3311981312
2014-12-08 3.150 3.380 3.340 3.070 854324608 2807457024
2014-12-09 3.310 3.380 3.040 3.010 1013282048 3291406592
2014-12-10 3.010 3.150 3.140 2.940 644656064 1958131840
2014-12-11 3.100 3.160 3.110 2.980 611513344 1876667520
2014-12-12 3.100 3.150 3.100 3.070 358464256 1114463232
2014-12-15 3.080 3.130 3.110 3.030 315856384 971418432
2014-12-16 3.100 3.260 3.230 3.080 573820992 1821342208
2014-12-17 3.230 3.230 3.160 3.100 431757536 1368177792
2014-12-18 3.140 3.190 3.190 3.130 304757888 964306304
2014-12-19 3.180 3.210 3.180 3.080 408499520 1287886080
2014-12-22 3.210 3.370 3.340 3.200 719204736 2374383104
2014-12-23 3.350 3.490 3.340 3.230 680214528 2298858752
2014-12-24 3.320 3.350 3.230 3.210 439217952 1434051840
2014-12-25 3.240 3.320 3.310 3.210 341407488 1114600064
2014-12-26 3.320 3.400 3.400 3.310 438868512 1477211008
2014-12-29 3.460 3.550 3.370 3.330 477641248 1642659584
2014-12-30 3.370 3.370 3.300 3.280 327783104 1086461696
2014-12-31 3.290 3.380 3.360 3.270 306722112 1019462400
2015-01-05 3.380 3.470 3.460 3.380 548920832 1886653184
2015-01-06 3.410 3.580 3.490 3.400 516558784 1801270656
2015-01-07 3.470 3.520 3.480 3.420 340150752 1178636288
2015-01-08 3.470 3.540 3.410 3.400 366407552 1265813120
2015-01-09 3.410 3.440 3.330 3.330 422722592 1430871040
2015-01-12 3.310 3.310 3.220 3.200 366432160 1187764352
2015-01-13 3.210 3.320 3.270 3.200 234447296 766765952
2015-01-14 3.260 3.310 3.190 3.180 232731680 753408960
2015-01-15 3.190 3.260 3.260 3.160 216831168 695812032
2015-01-16 3.260 3.320 3.290 3.250 248294704 816164288
2015-01-19 3.160 3.210 3.010 2.960 428858816 1330640256
2015-01-20 3.040 3.110 3.100 3.030 303975296 935553728
2015-01-21 3.100 3.190 3.190 3.080 299149504 939653312
2015-01-22 3.180 3.210 3.190 3.140 243747040 773821632
2015-01-23 3.190 3.210 3.150 3.130 224271328 710168320
2015-01-26 3.140 3.190 3.190 3.120 214589376 677510336
2015-01-27 3.180 3.230 3.200 3.140 300371424 955646656
2015-01-28 3.190 3.190 3.160 3.140 198493840 628374208
2015-01-29 3.110 3.150 3.130 3.070 221679936 690491328
2015-01-30 3.130 3.190 3.110 3.110 229695296 723521536
2015-02-02 3.060 3.080 3.040 3.030 204906000 626940800
2015-02-03 3.050 3.090 3.080 3.040 160730832 492508576
2015-02-04 3.080 3.090 3.050 3.040 197640736 606297024
2015-02-05 3.090 3.090 3.000 2.990 236409696 719553920
2015-02-06 2.990 3.000 2.870 2.840 318446432 928016576
2015-02-09 2.870 2.880 2.800 2.790 320965472 903842304
2015-02-10 2.810 2.870 2.860 2.780 263086928 745191744
2015-02-11 2.870 3.020 3.010 2.850 476276576 1409123456
2015-02-12 2.980 3.070 3.040 2.970 363472224 1103652864
2015-02-13 3.040 3.060 3.040 3.000 288437760 874561472
2015-02-16 3.040 3.100 3.090 3.030 268256192 824970752
2015-02-17 3.090 3.130 3.090 3.080 175024096 541987008
2015-02-25 3.090 3.110 3.060 3.040 167549424 514934112
2015-02-26 3.060 3.090 3.090 3.010 243255280 741922496
2015-02-27 3.080 3.180 3.160 3.060 411818720 1285155584
2015-03-02 3.160 3.180 3.180 3.130 374392160 1184444800
2015-03-03 3.160 3.160 3.100 3.090 331347968 1036033600
2015-03-04 3.090 3.280 3.260 3.080 589593216 1873603584
2015-03-05 3.250 3.260 3.210 3.180 355728704 1140729600
2015-03-06 3.200 3.240 3.150 3.150 254802640 809972416
2015-03-09 3.140 3.180 3.160 3.070 252042624 785802240
2015-03-10 3.150 3.220 3.170 3.130 261797984 833341824
2015-03-11 3.160 3.180 3.120 3.110 261976064 823306880
2015-03-12 3.140 3.150 3.130 3.100 234841104 734788736
2015-03-13 3.130 3.150 3.140 3.120 241872976 757689856
2015-03-16 3.150 3.230 3.220 3.140 452005536 1444125568
2015-03-17 3.220 3.540 3.540 3.220 1208256000 4158020352
2015-03-18 3.640 3.890 3.890 3.580 2066636544 7723313664
2015-03-19 3.890 3.960 3.830 3.790 1385123584 5339563520
2015-03-20 3.830 4.120 3.940 3.820 1142709760 4560468480
2015-03-23 4.020 4.090 4.040 3.950 975992960 3924727296
2015-03-24 4.040 4.350 4.240 3.950 1356729216 5607430656
2015-03-25 4.210 4.210 4.130 4.110 874139968 3630225152
2015-03-26 4.110 4.110 4.010 4.000 743084672 3002161152
2015-03-27 4.010 4.070 4.040 3.970 479091424 1930370432
2015-03-30 4.060 4.150 4.100 4.020 788354688 3207558400
2015-03-31 4.120 4.130 4.030 4.010 563917056 2289097216
2015-04-01 4.010 4.150 4.100 4.000 651142848 2667106304
2015-04-02 4.100 4.250 4.140 4.070 1019292288 4240749312
2015-04-03 4.130 4.180 4.150 4.110 668375040 2765280256
2015-04-07 4.170 4.340 4.290 4.150 945681600 4031040768
2015-04-08 4.310 4.350 4.210 4.100 836358848 3536359424
2015-04-09 4.210 4.210 4.100 4.030 654741952 2684976384
2015-04-10 4.160 4.300 4.240 4.160 716030144 3035322368
2015-04-13 4.250 4.660 4.660 4.210 1126766080 4989440000
2015-04-14 4.750 5.110 4.900 4.660 1389373696 6825801728
2015-04-15 4.890 4.890 4.420 4.410 2352258048 10745273344
2015-04-16 4.330 4.590 4.500 4.200 1151381120 5136159744
2015-04-17 4.540 4.570 4.470 4.420 2109917440 9466575872
2015-04-20 4.500 4.720 4.630 4.400 2338180096 10684784640
2015-04-21 4.640 4.880 4.830 4.540 1929420416 9045921792
2015-04-22 4.830 4.980 4.820 4.800 2649061632 12899521536
2015-04-23 4.880 4.900 4.760 4.680 2979433728 14152101888
2015-04-24 4.700 4.720 4.610 4.500 2327475712 10753301504
2015-04-27 4.640 4.740 4.690 4.570 2088581504 9719764992
2015-04-28 4.690 4.700 4.520 4.490 1674583808 7654138880
2015-04-29 4.490 4.640 4.580 4.450 1331702528 6089247232
2015-04-30 4.550 4.610 4.520 4.520 1010996544 4605301760
2015-05-04 4.550 4.740 4.720 4.510 2107104000 9796791296
2015-05-05 4.750 4.860 4.590 4.560 2125594880 10026726400
2015-05-06 4.570 4.650 4.430 4.310 1427587840 6464557056
2015-05-07 4.350 4.400 4.130 4.110 1204156544 5079221248
2015-05-08 4.190 4.280 4.280 4.160 980148352 4137358336
2015-05-11 4.340 4.420 4.400 4.250 1085156736 4698482176
2015-05-12 4.400 4.410 4.390 4.330 994319936 4349372416
2015-05-13 4.370 4.370 4.290 4.270 1058935104 4580977664
2015-05-14 4.280 4.500 4.430 4.250 1419090688 6244573696
2015-05-15 4.390 4.400 4.260 4.250 993804672 4266738176
2015-05-18 4.220 4.280 4.210 4.170 683574016 2883136000
2015-05-19 4.200 4.310 4.290 4.180 742800640 3171397888
2015-05-20 4.300 4.370 4.300 4.260 1079427456 4666132480
2015-05-21 4.310 4.320 4.320 4.250 925534592 3969161984
2015-05-22 4.350 4.700 4.630 4.340 2261085440 10245749760
2015-05-25 4.650 4.800 4.720 4.600 2112209280 9944260608
2015-05-26 4.750 4.920 4.870 4.610 2837108224 13485408256
2015-05-27 4.870 4.980 4.940 4.820 2678322176 13133779968
2015-05-28 4.950 5.430 5.160 4.890 5135466496 27293497344
2015-05-29 5.210 5.330 5.040 4.870 3384298752 17203173376
2015-06-01 5.050 5.440 5.390 5.050 2804463616 14650846208
2015-06-02 5.390 5.470 5.400 5.280 2319269120 12445478912
2015-06-03 5.430 5.460 5.230 5.120 1994555264 10492634112
2015-06-04 5.220 5.220 5.100 4.800 2015897984 10131191808
2015-06-05 5.150 5.220 5.130 5.020 1808513536 9292479488
2015-06-08 5.140 5.300 5.230 5.010 2156782848 11105647616
2015-06-09 5.210 5.350 5.260 5.160 1776234112 9324486656
2015-06-10 5.180 5.350 5.250 5.120 1695379072 8915764224
2015-06-11 5.200 5.260 5.190 5.150 1314507392 6821398016
2015-06-12 5.190 5.330 5.260 5.170 1852494720 9762899968
2015-06-15 5.250 5.450 5.350 5.230 2438989824 13087446016
2015-06-16 5.280 5.330 5.100 5.050 1873846912 9694404608
2015-06-17 5.070 5.150 5.140 4.900 1420491904 7151191040
2015-06-19 5.100 5.640 5.160 4.900 2800967936 14922068992
2015-06-23 5.180 5.350 5.300 4.800 1905755008 9916071936
2015-06-24 5.300 5.820 5.740 5.220 3847174912 21214328832
2015-06-25 5.650 5.740 5.460 5.320 2865811200 16002714624
2015-06-26 5.300 5.350 4.970 4.910 2367481344 12067002368
2015-06-29 5.180 5.180 4.810 4.480 2281854720 11202177024
2015-06-30 4.880 5.200 5.190 4.680 2242585856 11200164864
2015-07-01 5.180 5.270 4.920 4.890 1834323584 9398106112
2015-07-02 5.000 5.040 4.510 4.450 1853712512 8766650368
2015-07-03 4.300 4.490 4.060 4.060 1861645312 7755178496
2015-07-06 4.460 4.460 4.040 3.800 1993894528 8188169728
2015-07-07 3.940 3.940 3.640 3.640 2078989440 7687990272
2015-07-13 4.000 4.000 4.000 4.000 167429664 669718656
2015-07-14 4.400 4.400 4.400 4.400 244386496 1075300608
2015-07-15 4.750 4.750 4.020 4.000 2072529152 8856699904
2015-07-16 4.000 4.200 4.090 3.820 1236705664 5021603328
2015-07-17 4.110 4.400 4.320 4.100 1441872512 6139523584
2015-07-20 4.330 4.410 4.300 4.230 1303618688 5623850496
2015-07-21 4.200 4.340 4.260 4.160 877677312 3735276288
2015-07-22 4.240 4.280 4.210 4.130 908370368 3820450304
2015-07-23 4.200 4.350 4.320 4.160 1279273472 5455246336
2015-07-24 4.290 4.320 4.200 4.170 1300962048 5545078272
2015-07-27 4.090 4.150 3.780 3.780 1278118400 5098375168
2015-07-28 3.580 3.800 3.690 3.470 1186308736 4313089536
2015-07-29 3.720 3.890 3.890 3.670 817903616 3068232960
2015-07-30 3.840 3.890 3.710 3.690 793284608 3034178304
2015-07-31 3.630 3.760 3.700 3.600 659084544 2415813376
2015-08-03 3.650 3.680 3.640 3.490 653577408 2348746240
2015-08-04 3.630 3.850 3.810 3.630 745032704 2785508608
2015-08-05 3.790 3.800 3.690 3.680 582127488 2179272960
2015-08-06 3.620 3.690 3.640 3.610 397199872 1451218304
2015-08-07 3.670 3.790 3.770 3.670 687743232 2566496512
2015-08-10 3.770 3.950 3.910 3.770 1045779904 4043755008
2015-08-11 3.910 4.020 3.950 3.860 1181399424 4649187840
2015-08-12 3.880 3.980 3.860 3.850 788376000 3079697408
2015-08-13 3.850 3.980 3.960 3.830 798140352 3127854080
2015-08-14 3.960 4.030 3.960 3.940 886590144 3523569408
2015-08-17 3.940 4.150 4.140 3.890 1379903232 5532629504
2015-08-18 4.140 4.150 3.790 3.730 1305486848 5175800832
2015-08-19 3.700 3.970 3.930 3.610 1005858176 3820362240
2015-08-20 4.080 4.100 3.870 3.850 1030063744 4095054848
2015-08-21 3.780 3.840 3.660 3.630 858343104 3203384320
2015-08-24 3.520 3.560 3.290 3.290 915235648 3068739840
2015-08-25 2.980 3.120 2.960 2.960 784137024 2359657984
2015-08-26 3.000 3.090 2.890 2.800 980728000 2917325568
2015-08-27 2.960 3.020 3.020 2.850 739638784 2184456960
2015-08-28 3.050 3.210 3.190 3.020 959143744 2965742848
2015-08-31 3.150 3.150 3.070 3.020 699355648 2147913216
2015-09-01 3.060 3.200 3.160 2.880 1088280064 3324955904
2015-09-02 3.010 3.160 3.140 2.980 780851328 2414167552
2015-09-07 3.140 3.270 3.130 3.110 542742016 1729680128
2015-09-08 3.100 3.180 3.170 3.020 507571296 1580655232
2015-09-09 3.190 3.260 3.240 3.150 818839488 2633818624
2015-09-10 3.190 3.200 3.140 3.130 466053504 1478389120
2015-09-11 3.150 3.180 3.130 3.100 326294400 1025008384
2015-09-14 3.140 3.160 2.930 2.880 625606592 1888539136
2015-09-15 2.880 2.930 2.800 2.780 513528864 1467385088
2015-09-16 2.820 3.060 3.010 2.780 648924480 1876106752
2015-09-17 2.950 3.020 2.910 2.900 597036032 1766457984
2015-09-18 2.920 2.950 2.920 2.890 319691360 932960064
2015-09-21 2.900 2.980 2.970 2.870 347479040 1019098560
2015-09-22 2.960 3.000 2.970 2.940 455726112 1355302272
2015-09-23 2.920 2.940 2.890 2.880 379963104 1105820032
2015-09-24 2.910 2.940 2.920 2.900 237548016 693180096
2015-09-25 2.910 2.930 2.840 2.820 343914528 987568512
2015-09-28 2.840 2.870 2.860 2.820 203967456 580572416
2015-09-29 2.820 2.830 2.790 2.750 355639872 993993728
2015-09-30 2.790 2.810 2.790 2.770 269823232 753408576
2015-10-08 2.880 2.910 2.880 2.850 428314080 1233998080
2015-10-09 2.880 2.910 2.900 2.860 367757248 1062279488
2015-10-12 2.910 3.080 3.040 2.900 895717952 2682185472
2015-10-13 3.010 3.030 3.010 2.990 487681152 1466362752
2015-10-14 3.000 3.050 2.990 2.980 503018368 1516339712
2015-10-15 2.980 3.060 3.060 2.970 659224896 1997182336
2015-10-16 3.050 3.080 3.060 3.020 698208256 2131488640
2015-10-19 3.070 3.130 3.080 3.050 721551168 2228122624
2015-10-20 3.060 3.100 3.100 3.040 589192768 1807888512
2015-10-21 3.090 3.090 2.940 2.930 883346880 2678742784
2015-10-22 2.930 3.000 2.980 2.920 588224960 1737859840
2015-10-23 3.000 3.130 3.100 2.980 1051293312 3220957184
2015-10-26 3.100 3.130 3.080 3.060 793730176 2449452544
2015-10-27 3.060 3.070 3.050 2.970 660930304 1993652992
2015-10-28 3.050 3.050 2.990 2.980 467574880 1413029376
2015-10-29 3.000 3.030 3.000 2.980 360917472 1083815040
2015-10-30 3.000 3.010 2.980 2.960 340869824 1018541760
2015-11-02 2.940 2.970 2.890 2.890 508638272 1490579840
2015-11-03 2.890 2.920 2.890 2.880 284032096 823054528
2015-11-04 2.890 3.010 3.000 2.890 615219136 1818565504
2015-11-05 3.000 3.120 3.060 2.990 1232626432 3769660160
2015-11-06 3.060 3.130 3.110 3.050 1048264960 3232487936
2015-11-09 3.090 3.160 3.120 3.080 1013443712 3167871744
2015-11-10 3.100 3.160 3.140 3.090 818041792 2557552896
2015-11-11 3.130 3.180 3.150 3.110 744287168 2342179584
2015-11-12 3.160 3.170 3.120 3.080 721915456 2245640960
2015-11-13 3.090 3.100 3.060 3.050 460492160 1415803520
2015-11-16 3.020 3.070 3.070 3.010 394515424 1199096064
2015-11-17 3.080 3.140 3.080 3.070 750708224 2331719680
2015-11-18 3.080 3.090 3.040 3.030 436919072 1336697088
2015-11-19 3.050 3.170 3.150 3.040 1034241408 3227990016
2015-11-20 3.180 3.200 3.140 3.120 803966272 2532810240
2015-11-23 3.140 3.150 3.090 3.080 558538688 1737799552
2015-11-24 3.080 3.090 3.090 3.050 364686464 1118530944
2015-11-25 3.080 3.150 3.140 3.060 561730240 1739128960
2015-11-26 3.120 3.140 3.080 3.070 557162176 1729093248
2015-11-27 3.070 3.080 2.930 2.910 703664064 2115432448
2015-11-30 2.940 2.970 2.930 2.860 529653792 1548579712
2015-12-01 2.930 2.970 2.940 2.900 301608896 884154816
2015-12-02 2.930 3.020 3.010 2.910 502144160 1494846208
2015-12-03 3.110 3.150 3.080 3.070 764172544 2368706304
2015-12-04 3.050 3.060 3.020 3.010 462433440 1402347520
2015-12-07 3.020 3.040 3.030 3.000 321786624 972489792
2015-12-08 3.010 3.020 2.960 2.950 368503232 1096473088
2015-12-09 2.940 2.970 2.950 2.930 250960160 740227776
2015-12-10 2.980 3.020 2.960 2.950 356314400 1063827392
2015-12-11 2.940 2.960 2.950 2.920 296030880 869561024
2015-12-14 2.920 3.000 3.000 2.920 329149472 975000000
2015-12-15 3.000 3.000 2.970 2.960 265905568 792741760
2015-12-16 2.980 2.990 2.970 2.950 238753296 709618496
2015-12-17 2.980 3.040 3.040 2.970 570804096 1723341568
2015-12-18 3.020 3.040 2.990 2.970 577677312 1735104640
2015-12-21 2.970 3.120 3.090 2.970 1043201280 3203297792
2015-12-22 3.080 3.090 3.070 3.050 533022400 1633795072
2015-12-23 3.070 3.080 3.040 3.030 485707680 1482971648
2015-12-24 3.040 3.040 3.030 3.000 351748672 1061774080
2015-12-25 3.040 3.050 3.030 3.000 248324832 751579968
2015-12-28 3.030 3.050 2.980 2.980 381160704 1149092352
2015-12-29 2.980 3.020 3.000 2.970 262621440 785091136
2015-12-30 3.000 3.010 2.990 2.980 243081584 727891904
2015-12-31 2.990 3.000 2.970 2.970 279849440 835031360
2016-01-04 2.970 2.980 2.780 2.770 414447264 1205179776
2016-01-05 2.700 2.860 2.830 2.680 609955776 1706985472
2016-01-06 2.840 2.960 2.950 2.820 607898944 1763636864
2016-01-07 2.920 2.930 2.720 2.700 188482912 536098624
2016-01-08 2.820 2.880 2.840 2.720 594412864 1677523584
2016-01-11 2.800 2.880 2.750 2.740 510185760 1431893504
2016-01-12 2.770 2.790 2.760 2.720 323391328 891620416
2016-01-13 2.760 2.800 2.710 2.710 335115680 924262720
2016-01-14 2.650 2.740 2.740 2.620 391149184 1048263168
2016-01-15 2.710 2.720 2.600 2.580 473210560 1252642048
2016-01-18 2.540 2.630 2.590 2.530 342545408 884566528
2016-01-19 2.580 2.660 2.650 2.560 369938688 969216320
2016-01-20 2.630 2.650 2.620 2.590 296191488 777397760
2016-01-21 2.590 2.630 2.540 2.530 273149664 707470912
2016-01-22 2.570 2.580 2.560 2.520 269982336 689327488
2016-01-25 2.580 2.600 2.570 2.560 196345872 506328544
2016-01-26 2.550 2.560 2.340 2.320 455663264 1119666944
2016-01-27 2.370 2.380 2.300 2.200 473514816 1085132032
2016-01-28 2.270 2.310 2.220 2.210 315237856 714172288
2016-01-29 2.200 2.310 2.280 2.200 356007776 806663488
2016-02-01 2.280 2.290 2.250 2.230 261745216 590719872
2016-02-02 2.250 2.310 2.290 2.240 247842368 567046464
2016-02-03 2.270 2.290 2.280 2.250 212858512 481943232
2016-02-04 2.290 2.320 2.310 2.290 271760480 626253696
2016-02-05 2.300 2.310 2.300 2.290 200290816 460365696
2016-02-15 2.250 2.310 2.300 2.230 226541408 514812864
2016-02-16 2.360 2.530 2.530 2.350 423328064 1043192576
2016-02-17 2.640 2.750 2.650 2.590 1283140864 3405504000
2016-02-18 2.630 2.690 2.610 2.580 716637632 1883098752
2016-02-19 2.580 2.630 2.590 2.570 380031968 988524544
2016-02-22 2.620 2.650 2.640 2.600 434218976 1140116992
2016-02-23 2.640 2.650 2.600 2.570 335208928 870885632
2016-02-24 2.580 2.620 2.610 2.570 301050752 781064640
2016-02-25 2.600 2.610 2.400 2.360 555009472 1382760832
2016-02-26 2.420 2.470 2.440 2.400 338571456 826023360
2016-02-29 2.430 2.440 2.360 2.300 353560064 831944192
2016-03-01 2.380 2.450 2.440 2.360 319461568 766558144
2016-03-02 2.440 2.550 2.540 2.420 513174272 1281423744
2016-03-03 2.520 2.560 2.520 2.510 395083616 1000165824
2016-03-04 2.510 2.600 2.540 2.500 583807296 1484750592
2016-03-07 2.550 2.590 2.560 2.530 287514560 737019200
2016-03-08 2.560 2.560 2.550 2.480 299834976 754976960
2016-03-09 2.500 2.520 2.490 2.480 200317792 500244480
2016-03-10 2.500 2.520 2.470 2.460 165995008 413601984
2016-03-11 2.460 2.470 2.450 2.420 174520672 427010432
2016-03-14 2.470 2.540 2.520 2.470 297367168 748027008
2016-03-15 2.510 2.520 2.490 2.480 191458464 477185184
2016-03-16 2.500 2.510 2.480 2.470 154404896 384152864
2016-03-17 2.490 2.530 2.520 2.480 287853824 722491264
2016-03-18 2.520 2.580 2.570 2.520 442692352 1130299136
2016-03-21 2.580 2.610 2.600 2.560 650641408 1682402816
2016-03-22 2.580 2.590 2.560 2.560 325082816 834791744
2016-03-23 2.560 2.570 2.560 2.540 232764656 594955776
2016-03-24 2.560 2.560 2.520 2.520 278327008 708041984
2016-03-25 2.510 2.640 2.600 2.510 564466944 1456808192
2016-03-28 2.590 2.610 2.560 2.550 346572672 893511616
2016-03-29 2.560 2.560 2.520 2.500 274769408 693728960
2016-03-30 2.530 2.570 2.570 2.520 258640864 659364288
2016-03-31 2.570 2.580 2.550 2.550 227795072 583025088
2016-04-01 2.550 2.570 2.560 2.520 238579552 606290816
2016-04-05 2.560 2.620 2.600 2.540 425594848 1099167872
2016-04-06 2.580 2.590 2.580 2.560 293345472 755708736
2016-04-07 2.580 2.590 2.550 2.540 267528368 684382400
2016-04-08 2.530 2.540 2.530 2.510 211209728 533288256
2016-04-11 2.540 2.580 2.570 2.530 268789376 689416640
2016-04-12 2.560 2.570 2.540 2.530 190325792 484109984
2016-04-13 2.550 2.590 2.570 2.540 424203904 1092812416
2016-04-14 2.580 2.590 2.580 2.560 287577920 741398400
2016-04-15 2.560 2.570 2.550 2.540 302701600 772876288
2016-04-18 2.540 2.540 2.520 2.510 210180608 530079520
2016-04-19 2.530 2.540 2.520 2.510 151646816 382313664
2016-04-20 2.530 2.530 2.430 2.380 445563936 1093878656
2016-04-21 2.420 2.440 2.410 2.410 191844576 465289280
2016-04-22 2.400 2.420 2.420 2.380 183521488 440034720
2016-04-25 2.410 2.490 2.450 2.390 264652592 646719232
2016-04-26 2.440 2.450 2.440 2.420 133052064 323291776
2016-04-27 2.440 2.440 2.420 2.410 113712768 275986016
2016-04-28 2.410 2.420 2.400 2.380 153632736 368146496
2016-04-29 2.390 2.400 2.390 2.380 103107432 246340320
2016-05-03 2.390 2.440 2.430 2.380 220149072 532498848
2016-05-04 2.420 2.480 2.450 2.410 336491648 823136128
2016-05-05 2.440 2.440 2.430 2.410 184951184 449023488
2016-05-06 2.430 2.480 2.410 2.400 395671040 966466304
2016-05-09 2.390 2.400 2.330 2.310 314431168 736611776
2016-05-10 2.330 2.340 2.330 2.310 145168768 337976416
2016-05-11 2.340 2.340 2.320 2.320 143182684 333649736
2016-05-12 2.310 2.310 2.310 2.270 175825004 402769602
2016-05-13 2.290 2.310 2.290 2.280 115307053 264750781
2016-05-16 2.290 2.310 2.310 2.280 123160330 283048851
2016-05-17 2.310 2.310 2.300 2.290 96371267 221499513
2016-05-18 2.290 2.300 2.290 2.240 250262762 567068524
2016-05-19 2.270 2.350 2.310 2.270 243565132 563517826
2016-05-20 2.290 2.300 2.300 2.270 154439761 353369792
2016-05-23 2.300 2.320 2.310 2.290 142111022 328097401
2016-05-24 2.310 2.310 2.290 2.280 136891490 313671674
2016-05-25 2.300 2.310 2.290 2.280 102631884 235488887
2016-05-26 2.290 2.300 2.300 2.260 172105940 392453675
2016-05-27 2.290 2.380 2.350 2.280 533729107 1251403106
2016-05-30 2.330 2.350 2.310 2.310 252801868 587978735
2016-05-31 2.320 2.380 2.370 2.310 402473844 947976591
2016-06-01 2.370 2.410 2.370 2.360 301879453 720796507
2016-06-02 2.370 2.420 2.410 2.350 309098725 739092515
2016-06-03 2.400 2.400 2.380 2.360 264820846 630122370
2016-06-06 2.380 2.390 2.370 2.360 148566808 352339330
2016-06-07 2.370 2.380 2.360 2.350 132867832 313954220
2016-06-08 2.360 2.370 2.350 2.340 122150103 287579225
2016-06-13 2.340 2.350 2.280 2.280 213695740 494620597
2016-06-14 2.280 2.290 2.280 2.270 131593994 300014583
2016-06-15 2.270 2.330 2.320 2.260 199040217 458783563
2016-06-16 2.310 2.320 2.290 2.280 138107179 317624182
2016-06-17 2.290 2.320 2.300 2.280 178706031 411738972
2016-06-20 2.300 2.340 2.320 2.280 213284536 492240784
2016-06-21 2.330 2.340 2.300 2.290 184432722 427248070
2016-06-22 2.300 2.320 2.320 2.290 114571472 264154173
2016-06-23 2.310 2.310 2.290 2.280 158031441 362666364
2016-06-24 2.290 2.310 2.280 2.260 238186927 543135114
2016-06-27 2.270 2.300 2.300 2.270 134629231 308287451
2016-06-28 2.290 2.310 2.310 2.280 178957932 410261975
2016-06-29 2.300 2.320 2.310 2.300 191419818 442289636
2016-06-30 2.310 2.320 2.310 2.300 145927668 337394183
2016-07-01 2.310 2.320 2.310 2.300 141938374 327948843
2016-07-04 2.300 2.370 2.340 2.300 391882275 914383116
2016-07-05 2.340 2.360 2.340 2.330 299905368 702670784
2016-07-06 2.340 2.350 2.340 2.320 211136943 492958260
2016-07-07 2.350 2.380 2.360 2.340 329414978 777420983
2016-07-08 2.360 2.370 2.350 2.340 195597297 459379293
2016-07-11 2.350 2.440 2.390 2.340 567891722 1363542375
2016-07-12 2.390 2.420 2.420 2.370 321367891 769743492
2016-07-13 2.410 2.430 2.420 2.400 288770811 698060885
2016-07-14 2.420 2.420 2.410 2.400 214295195 516229976
2016-07-15 2.420 2.430 2.400 2.390 259446889 625046880
2016-07-18 2.390 2.400 2.370 2.360 188830432 448310655
2016-07-19 2.360 2.380 2.370 2.360 131602329 311788152
2016-07-20 2.370 2.380 2.370 2.360 106202164 251729513
2016-07-21 2.370 2.390 2.380 2.370 169358026 402662016
2016-07-22 2.370 2.380 2.360 2.360 162599684 384870494
2016-07-25 2.360 2.380 2.360 2.350 131320230 310708928
2016-07-26 2.360 2.380 2.380 2.360 163600571 387937593
2016-07-27 2.380 2.420 2.350 2.320 445949054 1059527275
2016-07-28 2.340 2.350 2.340 2.320 262304885 611892741
2016-07-29 2.340 2.340 2.330 2.320 132567722 308645845
2016-08-01 2.330 2.340 2.320 2.300 163036661 378143683
2016-08-02 2.320 2.330 2.320 2.310 75435226 174950395
2016-08-03 2.320 2.330 2.330 2.310 92734129 215291600
2016-08-04 2.320 2.330 2.320 2.310 94113641 218262283
2016-08-05 2.320 2.330 2.320 2.310 92515107 214659397
2016-08-08 2.320 2.370 2.360 2.320 307508747 721831737
2016-08-09 2.360 2.380 2.370 2.350 220697552 522739144
2016-08-10 2.370 2.380 2.370 2.360 157692218 373816528
2016-08-11 2.370 2.380 2.350 2.350 159365528 376728955
2016-08-12 2.350 2.390 2.380 2.350 211816111 501688314
2016-08-15 2.380 2.430 2.420 2.370 460340391 1107356774
2016-08-16 2.410 2.430 2.420 2.400 258528276 624154569
2016-08-17 2.420 2.420 2.410 2.400 171064121 411967907
2016-08-18 2.410 2.420 2.410 2.400 179542538 432494346
2016-08-19 2.410 2.420 2.400 2.390 152936457 367249369
2016-08-22 2.410 2.410 2.400 2.390 158836307 381387523
2016-08-23 2.400 2.440 2.430 2.390 415037752 1006315243
2016-08-24 2.420 2.510 2.480 2.420 683588694 1692974027
2016-08-25 2.470 2.470 2.440 2.410 445134994 1086040591
2016-08-26 2.440 2.510 2.450 2.430 398269636 984902223
2016-08-29 2.450 2.470 2.450 2.430 227198781 557191331
2016-08-30 2.450 2.470 2.460 2.430 215575671 528607562
2016-08-31 2.460 2.470 2.440 2.440 154682861 378575238
2016-09-01 2.440 2.450 2.400 2.400 232936263 564759286
2016-09-02 2.410 2.420 2.410 2.400 135523545 326297234
2016-09-05 2.420 2.430 2.420 2.410 139582701 337700805
2016-09-06 2.420 2.440 2.430 2.400 164909676 398773543
2016-09-07 2.420 2.440 2.430 2.420 130474852 317136381
2016-09-08 2.430 2.430 2.420 2.400 132179028 319230223
2016-09-09 2.410 2.420 2.390 2.390 169422542 406991686
2016-09-12 2.370 2.380 2.340 2.330 292808555 689551351
2016-09-13 2.350 2.350 2.340 2.330 123169027 288287658
2016-09-14 2.330 2.350 2.340 2.330 180699308 422239609
2016-09-19 2.340 2.360 2.360 2.340 118531228 278858188
2016-09-20 2.360 2.390 2.380 2.340 187469189 443051477
2016-09-21 2.370 2.390 2.370 2.360 134920364 320226926
2016-09-22 2.380 2.440 2.420 2.370 401919022 971148823
2016-09-23 2.430 2.450 2.410 2.400 157861759 382007717
2016-09-26 2.400 2.410 2.370 2.360 178910133 426353703
2016-09-27 2.360 2.380 2.370 2.350 103611349 244880846
2016-09-28 2.370 2.380 2.370 2.350 101160328 239099444
2016-09-29 2.360 2.390 2.380 2.360 131717134 313255091
2016-09-30 2.380 2.380 2.370 2.370 94870962 225108712
2016-10-10 2.380 2.420 2.420 2.380 262648467 632599973
2016-10-11 2.420 2.510 2.480 2.410 612539087 1515320656
2016-10-12 2.470 2.500 2.470 2.460 263213174 651482668
2016-10-13 2.470 2.570 2.540 2.470 743650935 1883135931
2016-10-14 2.530 2.550 2.550 2.510 382652874 967187661
2016-10-17 2.550 2.560 2.490 2.470 392885363 986535857
2016-10-18 2.480 2.520 2.520 2.470 230419965 576363242
2016-10-19 2.510 2.550 2.520 2.500 292383751 739649714
2016-10-20 2.530 2.530 2.510 2.490 141310423 354191536
2016-10-21 2.500 2.520 2.500 2.490 139759697 349323543
2016-10-24 2.500 2.550 2.530 2.490 320193232 808832569
2016-10-25 2.530 2.540 2.520 2.510 192010490 484387290
2016-10-26 2.520 2.530 2.520 2.500 156409479 393167462
2016-10-27 2.510 2.510 2.490 2.480 183975708 458554903
2016-10-28 2.490 2.510 2.470 2.470 175830261 437092053
2016-10-31 2.470 2.480 2.470 2.460 166264014 410268693
2016-11-01 2.470 2.500 2.480 2.460 147088387 364931158
2016-11-02 2.480 2.560 2.530 2.470 450981226 1134410073
2016-11-03 2.510 2.540 2.530 2.500 315919555 796672212
2016-11-04 2.520 2.560 2.520 2.510 285410400 723146427
2016-11-07 2.530 2.770 2.670 2.510 1242291631 3279028715
2016-11-08 2.660 2.720 2.670 2.650 548825967 1473304811
2016-11-09 2.670 2.800 2.770 2.660 1050756948 2879476208
2016-11-10 2.780 2.810 2.770 2.730 472731569 1307542383
2016-11-11 2.770 2.790 2.740 2.730 395117826 1086383825
2016-11-14 2.740 2.760 2.730 2.710 448888117 1225018748
2016-11-15 2.730 2.750 2.730 2.710 228056221 621756551
2016-11-16 2.730 2.840 2.770 2.730 594877298 1659504257
2016-11-17 2.770 2.770 2.750 2.720 253164756 693313008
2016-11-18 2.740 2.750 2.710 2.700 214742494 585319379
2016-11-21 2.710 2.760 2.740 2.700 245995740 674028021
2016-11-22 2.740 2.800 2.790 2.730 416958725 1158147574
2016-11-23 2.790 2.790 2.750 2.740 304642618 839894321
2016-11-24 2.740 2.750 2.720 2.710 285750380 780796898
2016-11-25 2.720 2.790 2.780 2.710 394455784 1085364320
2016-11-28 2.780 2.880 2.860 2.770 791616175 2247792213
2016-11-29 2.850 2.950 2.890 2.840 814040466 2372709533
2016-11-30 2.880 2.930 2.900 2.860 454904380 1314760155
2016-12-01 2.910 2.930 2.900 2.870 334140691 968228267
2016-12-02 2.890 3.060 2.970 2.870 723515921 2143465943
2016-12-05 2.930 3.030 2.860 2.840 958731347 2809153186
2016-12-06 2.840 2.880 2.850 2.840 375220693 1071276444
2016-12-07 2.850 2.870 2.870 2.810 287641089 817300137
2016-12-08 2.870 2.970 2.930 2.860 450794416 1323485798
2016-12-09 2.940 2.970 2.950 2.910 274500914 806670752
2016-12-12 2.960 2.970 2.850 2.830 445933405 1287498154
2016-12-13 2.840 2.870 2.820 2.770 493839696 1392994653
2016-12-14 2.810 2.850 2.810 2.790 344546699 973138829
2016-12-15 2.800 2.850 2.780 2.770 391978178 1101753918
2016-12-16 2.780 2.810 2.780 2.760 221111252 616359656
2016-12-19 2.790 2.840 2.820 2.760 261230554 734311455
2016-12-20 2.820 2.860 2.840 2.810 469973267 1333427198
2016-12-21 2.850 2.870 2.860 2.840 261424448 745719805
2016-12-22 2.860 2.870 2.850 2.830 141563048 402669364
2016-12-23 2.840 2.850 2.810 2.790 234573572 660643227
2016-12-26 2.800 2.830 2.830 2.780 180060874 505166640
2016-12-27 2.830 2.850 2.820 2.810 110337438 311822682
2016-12-28 2.820 2.830 2.820 2.790 141963610 398848312
2016-12-29 2.810 2.820 2.800 2.790 124684548 349496906
2016-12-30 2.810 2.860 2.860 2.800 238115350 675142508
2017-01-03 2.860 3.150 3.100 2.860 991415561 3026370491
2017-01-04 3.080 3.140 3.120 3.050 528960385 1639748339
2017-01-05 3.110 3.170 3.080 3.060 404867344 1260724695
2017-01-06 3.070 3.130 3.090 3.070 285686603 885234180
2017-01-09 3.100 3.170 3.160 3.090 434583003 1362427226
2017-01-10 3.160 3.230 3.150 3.140 457221933 1457002317
2017-01-11 3.140 3.200 3.160 3.120 407944616 1288104920
2017-01-12 3.160 3.350 3.300 3.160 856413790 2799112797
2017-01-13 3.280 3.300 3.190 3.170 496149685 1607313311
2017-01-16 3.170 3.210 3.090 3.010 662453847 2055336491
2017-01-17 3.080 3.170 3.160 3.070 334164609 1043171982
2017-01-18 3.150 3.190 3.150 3.130 197656840 624521168
2017-01-19 3.140 3.280 3.160 3.130 541757886 1738693134
2017-01-20 3.270 3.330 3.280 3.240 475264736 1556563925
2017-01-23 3.280 3.450 3.430 3.270 673854626 2283685323
2017-01-24 3.420 3.460 3.400 3.370 349407285 1188603898
2017-01-25 3.400 3.430 3.400 3.350 239904026 815658452
2017-01-26 3.410 3.440 3.410 3.380 205146522 699798970
2017-02-03 3.400 3.400 3.220 3.070 860533772 2741422073
2017-02-06 3.160 3.210 3.170 3.130 366839925 1159277029
2017-02-07 3.170 3.220 3.190 3.160 270478088 861371899
2017-02-08 3.190 3.200 3.190 3.130 249429096 788443546
2017-02-09 3.180 3.260 3.220 3.170 370376586 1193969759
2017-02-10 3.220 3.280 3.260 3.210 312689211 1014657135
2017-02-13 3.250 3.290 3.270 3.230 280180745 912973191
2017-02-14 3.260 3.280 3.210 3.190 370926789 1195432002
2017-02-15 3.210 3.280 3.250 3.200 335431889 1090701909
2017-02-16 3.250 3.280 3.270 3.230 259616514 844824499
2017-02-17 3.260 3.270 3.220 3.210 211233308 682943674
2017-02-20 3.210 3.240 3.220 3.150 345553717 1103772288
2017-02-21 3.220 3.260 3.260 3.210 351189734 1140354590
2017-02-22 3.250 3.350 3.340 3.240 475754850 1575717751
2017-02-23 3.330 3.380 3.330 3.310 296750757 992602286
2017-02-24 3.320 3.390 3.350 3.320 193137935 647196227
2017-02-27 3.350 3.370 3.290 3.280 223756053 742317861
2017-02-28 3.290 3.300 3.270 3.240 175386202 572562942
2017-03-01 3.260 3.270 3.250 3.220 252042455 817466115
2017-03-02 3.240 3.260 3.210 3.190 244604453 788407810
2017-03-03 3.190 3.240 3.220 3.170 175403164 562570751
2017-03-06 3.240 3.260 3.210 3.190 210874308 680353993
2017-03-07 3.210 3.250 3.220 3.200 221950840 714597008
2017-03-08 3.230 3.230 3.200 3.180 193971239 620585233
2017-03-09 3.200 3.200 3.160 3.150 203448553 645755341
2017-03-10 3.160 3.180 3.140 3.140 180589148 570410870
2017-03-13 3.130 3.210 3.200 3.120 380981687 1206541324
2017-03-14 3.200 3.210 3.180 3.170 166588761 530833875
2017-03-15 3.180 3.240 3.230 3.170 218312466 702088954
2017-03-16 3.220 3.250 3.230 3.210 144147176 465818947
2017-03-17 3.230 3.250 3.190 3.180 180641974 581793470
2017-03-20 3.190 3.240 3.230 3.180 200945871 646591918
2017-03-21 3.230 3.300 3.290 3.220 373030577 1219639346
2017-03-22 3.290 3.340 3.320 3.270 449724814 1488860371
2017-03-23 3.330 3.350 3.320 3.290 330451915 1095504609
2017-03-24 3.330 3.440 3.400 3.320 665418489 2255521462
2017-03-27 3.400 3.480 3.420 3.400 438509285 1510779313
2017-03-28 3.420 3.490 3.490 3.400 427679731 1482322706
2017-03-29 3.490 3.520 3.480 3.450 381896313 1329671791
2017-03-30 3.480 3.490 3.410 3.400 536287878 1832972817
2017-03-31 3.410 3.450 3.440 3.400 241389526 828183511
2017-04-05 3.450 3.670 3.560 3.440 524571185 1870294559
2017-04-06 3.570 3.590 3.570 3.500 306026441 1087812696
2017-04-07 3.550 3.670 3.660 3.540 551547322 2006750366
2017-04-10 3.650 3.800 3.790 3.640 712091403 2665760632
2017-04-11 3.840 3.890 3.790 3.680 777821007 2936377469
2017-04-12 3.770 3.790 3.720 3.700 329341438 1233333879
2017-04-13 3.730 3.840 3.770 3.720 352243086 1332260035
2017-04-14 3.770 3.770 3.710 3.680 278438137 1033811673
2017-04-17 3.710 3.740 3.710 3.680 231973890 859870992
2017-04-18 3.710 3.810 3.790 3.700 419031738 1585704697
2017-04-19 3.790 3.860 3.730 3.700 388957202 1461530447
2017-04-20 3.750 3.830 3.800 3.720 429681421 1627176314
2017-04-21 3.830 4.050 3.980 3.820 810141123 3194113950
2017-04-24 3.970 4.020 3.920 3.870 620064568 2444343544
2017-04-25 3.920 3.950 3.860 3.820 524252054 2023141717
2017-04-26 3.850 4.130 4.030 3.840 721679747 2897810118
2017-04-27 4.000 4.050 4.050 3.950 548878928 2198454078
2017-04-28 4.120 4.120 4.030 4.020 411100110 1671454144
2017-05-02 4.020 4.110 4.100 3.960 523099368 2106870967
2017-05-03 4.110 4.200 4.180 4.080 611045356 2540008686
2017-05-04 4.160 4.220 4.150 4.130 408805599 1703548349
2017-05-05 4.120 4.170 4.110 4.110 271507156 1121549380
2017-05-08 4.080 4.110 3.710 3.700 1182664510 4624049947
2017-05-09 3.610 3.780 3.760 3.580 579717941 2152876686
2017-05-10 3.760 3.880 3.810 3.750 565174943 2162428800
2017-05-11 3.800 3.880 3.790 3.730 488440203 1854353282
2017-05-12 3.780 3.840 3.800 3.780 218941991 832690624
2017-05-15 3.860 3.920 3.880 3.840 385242858 1492204513
2017-05-16 3.870 4.190 4.180 3.830 762746802 3085451075
2017-05-17 4.160 4.210 4.110 4.090 554215737 2296732854
2017-05-18 4.080 4.200 4.160 4.070 414103322 1719753065
2017-05-19 4.140 4.230 4.150 4.130 376009211 1568007257
2017-05-22 4.160 4.190 4.120 4.110 528191817 2187383183
2017-05-23 4.110 4.130 3.980 3.940 779656013 3145390598
2017-05-24 3.970 4.080 4.070 3.950 486815591 1959890457
2017-05-25 4.060 4.110 4.060 3.980 386598498 1561786551
2017-05-26 4.070 4.080 4.020 4.000 343846754 1386651682
2017-05-31 4.070 4.100 3.860 3.820 753978829 2961153889
2017-06-01 3.860 3.940 3.860 3.820 393721131 1525238663
2017-06-02 3.860 3.900 3.890 3.800 263142842 1014069170
2017-06-05 3.890 3.930 3.890 3.860 232973061 907436196
2017-06-06 3.880 3.890 3.850 3.810 261593935 1005862801
2017-06-07 3.850 3.950 3.910 3.820 513049556 1999385468
2017-06-08 3.890 4.070 4.020 3.890 677834113 2720537788
2017-06-09 4.040 4.080 4.050 4.000 386530153 1559115460
2017-06-12 4.050 4.080 4.000 3.980 433778045 1744242289
2017-06-13 4.000 4.040 4.000 3.970 434579624 1740756775
2017-06-14 3.990 4.000 3.900 3.880 582716445 2285838495
2017-06-15 3.890 3.920 3.900 3.880 314084219 1224251963
2017-06-16 3.890 3.980 3.980 3.880 649309431 2562375299
2017-06-19 3.990 4.030 3.980 3.950 457068974 1822686886
2017-06-20 3.980 4.080 4.060 3.960 674344792 2716516367
2017-06-21 4.080 4.080 4.080 4.020 401369417 1626412026
2017-06-22 4.080 4.100 3.990 3.980 531799986 2159156136
2017-06-23 3.980 4.050 4.030 3.970 431499201 1731801347
2017-06-26 4.030 4.220 4.160 4.020 1053938405 4370758447
2017-06-27 4.170 4.230 4.150 4.120 707952029 2951492110
2017-06-28 4.150 4.200 4.140 4.120 455735870 1893057812
2017-06-29 4.160 4.230 4.230 4.130 745443391 3117020869
2017-06-30 4.230 4.260 4.160 4.160 756911413 3181574730
2017-07-03 4.160 4.180 4.120 4.080 466189346 1922034693
2017-07-04 4.110 4.160 4.150 4.060 475867971 1954691769
2017-07-05 4.140 4.160 4.160 4.100 292148685 1208735202
2017-07-06 4.150 4.160 4.140 4.090 479585214 1980738997
2017-07-07 4.130 4.170 4.140 4.110 417722263 1728860270
2017-07-10 4.130 4.140 4.020 4.000 703715465 2861678069
2017-07-11 4.000 4.050 4.020 4.000 328730846 1324602036
2017-07-12 4.020 4.030 3.940 3.890 781617317 3080119697
2017-07-13 3.940 3.960 3.950 3.910 278509749 1097206092
2017-07-14 3.960 4.040 4.010 3.940 493333788 1973551041
2017-07-17 4.010 4.020 3.900 3.810 573510325 2250811184
2017-07-18 3.890 3.970 3.950 3.880 320500356 1261262449
2017-07-19 3.940 4.040 4.030 3.930 478849649 1908243820
2017-07-20 4.030 4.050 4.030 4.000 313218647 1259219315
2017-07-21 4.020 4.030 3.970 3.960 309344037 1236632129
2017-07-24 3.960 4.040 4.030 3.910 493594098 1967071406
2017-07-25 4.010 4.030 3.960 3.930 385385657 1528475190
2017-07-26 3.940 3.960 3.920 3.890 420407210 1646488464
2017-07-27 3.910 3.950 3.930 3.890 246644936 966358538
2017-07-28 3.920 3.930 3.910 3.890 235621570 921145489
2017-07-31 3.900 3.980 3.950 3.890 342230203 1349441547
2017-08-01 3.940 3.960 3.930 3.910 265340559 1043982036
2017-08-02 3.920 3.950 3.920 3.910 200174993 786232906
2017-08-03 3.920 3.940 3.900 3.880 299082897 1168498329
2017-08-04 3.890 3.910 3.860 3.850 366556933 1420884994
2017-08-07 3.850 3.900 3.890 3.840 222335266 861813056
2017-08-08 3.880 3.890 3.820 3.800 397731135 1527544057
2017-08-09 3.810 3.810 3.790 3.720 470853112 1773325463
2017-08-10 3.780 3.800 3.690 3.670 442530320 1648335032
2017-08-11 3.680 3.730 3.700 3.670 405210947 1497908114
2017-08-14 3.700 3.820 3.810 3.690 425246045 1602431671
2017-08-15 3.800 3.820 3.800 3.770 246893191 935476552
2017-08-16 3.810 3.870 3.850 3.780 321924267 1234073995
2017-08-17 3.850 3.860 3.830 3.800 274677789 1049950080
2017-08-18 3.810 3.840 3.820 3.790 141322332 539356733
2017-08-21 3.810 3.900 3.870 3.810 315816442 1222394580
2017-08-22 3.880 3.900 3.860 3.840 178686359 690914233
2017-08-23 3.860 3.920 3.890 3.850 278359491 1084129329
2017-08-24 3.880 3.890 3.870 3.840 176772357 682278290
2017-08-25 3.860 3.920 3.900 3.850 252662621 982055590
2017-08-28 3.890 3.930 3.920 3.880 326994054 1277201003
2017-08-29 3.910 3.910 3.830 3.820 410108449 1584366777
2017-08-30 3.830 3.870 3.850 3.820 279909304 1076526905
2017-08-31 3.850 3.860 3.830 3.820 159635616 612070442
2017-09-01 3.830 3.870 3.840 3.820 263404825 1013253719
2017-09-04 3.830 3.920 3.900 3.820 392196015 1521439395
2017-09-05 3.910 4.030 4.010 3.900 790811331 3149436135
2017-09-06 4.000 4.040 4.010 3.980 376710753 1508197019
2017-09-07 4.020 4.020 3.960 3.950 302626131 1205820349
2017-09-08 3.960 4.000 3.970 3.950 212957025 845912305
2017-09-11 3.970 3.990 3.970 3.950 228725594 908088382
2017-09-12 3.980 3.990 3.920 3.900 345851426 1359715856
2017-09-13 3.920 3.940 3.910 3.890 225700027 883648487
2017-09-14 3.910 3.920 3.840 3.830 344510622 1333856473
2017-09-15 3.840 3.860 3.840 3.830 195381950 751392645
2017-09-18 3.850 4.010 4.010 3.840 782955946 3111417069
2017-09-19 4.000 4.040 4.010 3.970 521665749 2089914843
2017-09-20 4.020 4.020 4.000 3.980 436072851 1743914708
2017-09-21 4.000 4.020 3.960 3.950 274994151 1093998915
2017-09-22 3.960 4.030 4.000 3.940 354707115 1412471917
2017-09-25 4.020 4.050 3.990 3.980 464490950 1863925354
2017-09-26 3.980 4.230 4.170 3.980 1246168553 5139203928
2017-09-27 4.150 4.300 4.200 4.120 1129611496 4752080702
2017-09-28 4.200 4.570 4.490 4.190 1448171088 6338364108
2017-09-29 4.500 4.650 4.400 4.290 1821735614 8087955665
2017-10-09 4.490 4.830 4.790 4.450 1688821036 7892885028
2017-10-10 4.790 4.820 4.810 4.670 1027486034 4892472103
2017-10-11 4.790 4.850 4.730 4.660 836574286 3962211758
2017-10-12 4.710 4.930 4.770 4.630 1097054223 5254112182
2017-10-13 4.830 5.130 5.100 4.770 1473493031 7315074610
2017-10-16 5.130 5.390 5.110 5.070 1799143194 9385877642
2017-10-17 5.090 5.240 5.150 5.050 1012724620 5212024056
2017-10-18 5.150 5.330 5.290 5.110 1156886458 6063036999
2017-10-19 5.380 5.390 5.030 5.010 1312460574 6798872905
2017-10-20 5.000 5.140 5.060 4.990 823862661 4178062104
2017-10-23 5.110 5.280 5.250 5.030 1149117704 5917785206
2017-10-24 5.230 5.330 5.220 5.160 805744764 4214785694
2017-10-25 5.230 5.720 5.720 5.170 1803941542 9820546339
2017-10-26 5.660 5.780 5.760 5.600 1377298626 7849373405
2017-10-27 5.800 6.000 5.920 5.710 1853824653 10898413809
2017-10-30 6.030 6.360 6.150 5.920 2536264299 15586897577
2017-10-31 6.120 6.270 6.220 6.010 1428363569 8799592777
2017-11-01 6.220 6.250 6.190 6.120 1161961579 7190533457
2017-11-02 6.120 6.130 5.820 5.770 2206047831 13026597210
2017-11-03 5.840 6.070 6.010 5.810 1764238402 10523806947
2017-11-06 6.000 6.550 6.540 5.970 2085819156 13097389505
2017-11-07 6.500 6.590 6.530 6.280 2025068032 13076834050
2017-11-08 6.470 6.770 6.440 6.420 1890815072 12412468359
2017-11-09 6.410 6.530 6.520 6.240 1695193920 10840818042
2017-11-10 6.500 6.620 6.500 6.430 1469192570 9576100943
2017-11-13 6.500 6.640 6.410 6.360 1574638491 10215385297
2017-11-14 6.350 6.430 6.130 6.100 2031742640 12620686580
2017-11-15 6.170 6.330 6.220 6.120 1274606357 7916341712
2017-11-16 6.180 6.450 6.420 6.020 1995958431 12503155435
2017-11-17 6.400 6.590 6.180 6.170 1885963055 12051990116
2017-11-20 6.080 6.290 6.270 6.010 1531133138 9415580668
2017-11-21 6.240 6.750 6.670 6.210 2597941378 16722931313
2017-11-22 6.500 6.630 6.480 6.360 2287573359 14859107132
2017-11-23 6.370 6.450 6.060 6.040 1935033302 12000501328
2017-11-24 6.010 6.150 5.780 5.780 1584092278 9442537678
2017-11-27 5.550 5.570 5.220 5.200 2501125848 13405957490
2017-11-28 5.300 5.420 5.390 5.260 1442413286 7733234189
2017-11-29 5.410 5.480 5.410 5.310 1044357666 5642922123
2017-11-30 5.300 5.480 5.340 5.260 878950443 4722748943
2017-12-01 5.340 5.450 5.380 5.290 781846310 4212425141
2017-12-04 5.420 5.710 5.600 5.420 1298635572 7252842807
2017-12-05 5.560 5.770 5.620 5.540 1140590953 6444607648
2017-12-06 5.620 5.730 5.710 5.420 1227179064 6872499882
2017-12-07 5.680 5.690 5.580 5.580 711601449 4004938001
2017-12-08 5.550 5.730 5.670 5.510 846557422 4774627031
2017-12-11 5.670 5.810 5.800 5.630 1086705437 6240187767
2017-12-12 5.790 5.850 5.730 5.720 778410579 4500777203
2017-12-13 5.710 5.830 5.790 5.700 681175630 3931725760
2017-12-14 5.800 5.840 5.800 5.750 600092596 3477763445
2017-12-15 5.780 5.780 5.520 5.500 1243136120 6969815553
2017-12-18 5.490 5.620 5.530 5.460 608906226 3376627869
2017-12-19 5.520 5.660 5.650 5.520 676104485 3791189876
2017-12-20 5.640 5.700 5.660 5.580 654799719 3701960256
2017-12-21 5.680 5.970 5.910 5.610 1336850905 7757157253
2017-12-22 5.950 5.980 5.920 5.880 821304777 4866347335
2017-12-25 5.930 5.970 5.860 5.810 693001756 4074699700
2017-12-26 5.890 5.900 5.810 5.690 774139550 4473666056
2017-12-27 5.790 5.920 5.750 5.710 841639880 4897564456
2017-12-28 5.720 5.860 5.790 5.720 629949298 3651576191
2017-12-29 5.770 5.850 5.790 5.740 545424610 3159621601
2018-01-02 5.830 5.850 5.730 5.660 808403577 4627432554
2018-01-03 5.750 5.840 5.770 5.650 920704539 5295716777
2018-01-04 5.730 5.770 5.720 5.690 585918587 3352707441
2018-01-05 5.740 5.740 5.580 5.560 1010873495 5677961467
2018-01-08 5.560 5.620 5.580 5.420 1020298466 5621245375
2018-01-09 5.550 6.030 6.010 5.550 2055435481 11951942255
2018-01-10 5.980 6.130 6.090 5.930 1732421167 10485666288
2018-01-11 6.060 6.130 6.090 6.000 875238254 5308262695
2018-01-12 6.110 6.150 6.070 6.030 819171655 4983461714
2018-01-15 6.090 6.450 6.270 6.040 1778216699 11197016484
2018-01-16 6.340 6.430 6.390 6.260 1105818634 7028685044
2018-01-17 6.510 6.550 6.360 6.110 1513020551 9607347330
2018-01-18 6.320 6.440 6.360 6.250 736082965 4666993931
2018-01-19 6.380 6.670 6.650 6.340 1629085113 10683186387
2018-01-22 6.620 6.670 6.650 6.520 1026397654 6783879469
2018-01-23 6.660 6.680 6.490 6.460 1149106166 7529075289
2018-01-24 6.430 6.570 6.550 6.170 1454417827 9235769713
2018-01-25 6.510 6.550 6.330 6.320 878092349 5658415699
2018-01-26 6.280 6.410 6.280 6.250 704302114 4450188909
2018-01-29 6.080 6.220 6.040 5.980 1422338897 8654648058
2018-01-30 6.040 6.140 6.070 6.020 610936196 3714733716
2018-01-31 6.020 6.140 6.080 6.010 563153039 3430377558
2018-02-01 6.080 6.080 5.670 5.560 1509067166 8704590301
2018-02-02 5.650 5.750 5.680 5.600 758220529 4302000386
2018-02-05 5.600 5.740 5.720 5.520 548463551 3111795484
2018-02-06 5.580 5.650 5.360 5.360 919180806 5050850461
2018-02-07 5.500 5.600 5.400 5.330 814526804 4458303463
2018-02-08 5.380 5.580 5.580 5.370 706884372 3898623796
2018-02-09 5.420 5.470 5.190 5.090 1051352808 5567454301
2018-02-12 5.270 5.440 5.370 5.230 660009725 3507426593
2018-02-13 5.450 5.650 5.530 5.390 742483878 4099804582
2018-02-14 5.530 5.560 5.530 5.450 356369390 1964891347
2018-02-22 5.590 5.680 5.660 5.540 541836115 3048601175
2018-02-23 5.640 5.660 5.580 5.510 501363231 2798338196
2018-02-26 5.650 5.860 5.790 5.470 1159106326 6608082285
2018-02-27 5.800 5.850 5.710 5.680 670722659 3859268099
2018-02-28 5.610 5.730 5.660 5.560 481089060 2723804573
2018-03-01 5.590 5.770 5.700 5.580 525430459 2991961530
2018-03-02 5.630 5.690 5.600 5.600 450972048 2539259604
2018-03-05 5.660 5.700 5.590 5.560 370395221 2081748430
2018-03-06 5.630 5.850 5.790 5.580 1090101140 6281547778
2018-03-07 5.780 5.790 5.670 5.650 636393937 3630404288
2018-03-08 5.650 5.730 5.710 5.630 379300538 2154019970
2018-03-09 5.800 5.930 5.870 5.750 1080458821 6327162781
2018-03-12 5.920 6.080 6.060 5.880 958211315 5756363029
2018-03-13 6.040 6.040 5.960 5.940 583968692 3495529963
2018-03-14 5.910 6.050 5.950 5.900 542738118 3242204115
2018-03-15 5.910 6.010 5.950 5.880 523836344 3105370131
2018-03-16 5.950 6.000 5.790 5.790 501264621 2951590607
2018-03-19 5.810 5.880 5.830 5.750 405058291 2360070672
2018-03-20 5.760 5.810 5.760 5.700 485348087 2792131042
2018-03-21 5.800 5.890 5.750 5.720 518970435 3025558370
2018-03-22 5.760 5.800 5.680 5.640 490705774 2799489763
2018-03-23 5.380 5.520 5.460 5.180 1097666436 5911184311
2018-03-26 5.350 5.440 5.440 5.230 562118429 3013166918
2018-03-27 5.540 5.560 5.500 5.450 557183681 3063969976
2018-03-28 5.400 5.450 5.340 5.310 489357089 2628740513
2018-03-29 5.400 5.420 5.370 5.220 558912175 2974675803
2018-03-30 5.360 5.370 5.320 5.270 533063531 2832923165
2018-04-02 5.320 5.380 5.300 5.270 434081512 2310876026
2018-04-03 5.200 5.260 5.180 5.130 597507920 3100437996
2018-04-04 5.170 5.230 5.130 5.130 415953005 2151582007
2018-04-09 5.100 5.170 5.100 5.020 510986650 2596847539
2018-04-10 5.100 5.270 5.240 5.090 640915243 3328193106
2018-04-11 5.260 5.290 5.240 5.210 471498230 2478101371
2018-04-12 5.240 5.270 5.230 5.180 336710322 1756283030
2018-04-13 5.250 5.310 5.250 5.230 365252662 1921596750
2018-04-16 5.230 5.230 5.080 5.070 528665964 2705635307
2018-04-17 5.090 5.130 4.890 4.890 635609332 3178384762
2018-04-18 4.940 4.960 4.650 4.400 1159564966 5377942166
2018-04-19 4.680 4.740 4.650 4.610 714279580 3341169872
2018-04-20 4.690 4.690 4.490 4.460 809329567 3669723672
2018-04-23 4.480 4.680 4.680 4.220 1317895171 5856560286
2018-04-24 4.550 4.670 4.620 4.510 1059738878 4888740800
2018-04-25 4.550 4.600 4.490 4.470 701906623 3174903861
2018-04-26 4.440 4.450 4.270 4.250 860380203 3727814501
2018-04-27 4.310 4.360 4.320 4.220 609883726 2620556382
2018-05-02 4.330 4.350 4.270 4.230 405108238 1735060096
2018-05-03 4.280 4.540 4.490 4.270 1055358962 4662226440
2018-05-04 4.450 4.500 4.410 4.390 541875935 2400756081
2018-05-07 4.440 4.540 4.500 4.430 576137513 2594691188
2018-05-08 4.500 4.620 4.580 4.480 640865998 2925880325
2018-05-09 4.560 4.570 4.560 4.510 383876041 1742136997
2018-05-10 4.570 4.610 4.490 4.440 517589965 2332829954
2018-05-11 4.500 4.500 4.420 4.410 392952766 1740697610
2018-05-14 4.450 4.520 4.480 4.430 494806352 2218609565
2018-05-15 4.500 4.510 4.450 4.390 464309624 2057529792
2018-05-16 4.410 4.420 4.360 4.340 456962775 1998342427
2018-05-17 4.340 4.390 4.350 4.340 231155629 1006555263
2018-05-18 4.350 4.350 4.340 4.280 336110499 1449862572
2018-05-21 4.410 4.440 4.410 4.370 433398867 1908466990
2018-05-22 4.410 4.410 4.390 4.350 276950417 1210816612
2018-05-23 4.370 4.370 4.280 4.280 369528124 1593871315
2018-05-24 4.270 4.320 4.240 4.230 341214306 1455332964
2018-05-25 4.230 4.240 4.120 4.100 581384899 2407618263
2018-05-28 4.120 4.140 4.050 4.000 413731933 1683469727
2018-05-29 4.040 4.130 4.080 4.020 301199757 1230120628
2018-05-30 4.000 4.020 3.920 3.900 555596763 2203367965
2018-05-31 3.950 4.150 4.120 3.850 899572853 3612609118
2018-06-01 4.080 4.110 4.040 4.010 457193945 1857366673
2018-06-04 4.070 4.140 4.080 4.040 397041751 1626536464
2018-06-05 4.090 4.220 4.190 4.060 578952714 2404365040
2018-06-06 4.170 4.180 4.140 4.120 335776727 1393654549
2018-06-07 4.150 4.200 4.130 4.120 338094091 1404693458
2018-06-08 4.110 4.120 4.040 4.010 385583596 1559331426
2018-06-11 4.020 4.080 4.010 3.980 342449674 1380082788
2018-06-12 4.030 4.080 4.060 3.980 315286151 1272045068
2018-06-13 4.030 4.060 3.990 3.980 295768621 1187202316
2018-06-14 3.960 4.040 3.980 3.950 264856282 1058065654
2018-06-15 3.990 4.010 3.910 3.890 372590555 1466532941
2018-06-19 3.780 3.840 3.570 3.530 971893885 3576589123
2018-06-20 3.580 3.650 3.600 3.500 546314404 1957097098
2018-06-21 3.600 3.620 3.420 3.410 570756325 2004272120
2018-06-22 3.380 3.500 3.460 3.310 471745180 1612482623
2018-06-25 3.480 3.510 3.420 3.410 360662168 1249839902
2018-06-26 3.320 3.480 3.460 3.290 450946342 1536792448
2018-06-27 3.440 3.480 3.380 3.370 354719808 1210251951
2018-06-28 3.380 3.490 3.410 3.370 453628938 1558437821
